10000
16766
449
5982
15432
8571
9854
10320
9271
20638
16000
24905
8849
21760
16717
32324
23479
30858
27645
14221
6165
19976
505
3957
11012
3199
2819
10314
16623
13505
12919
13958
22709
13630
11216
25415
27727
29
16493
13055
3251
18316
27286
17517
29944
21588
8634
31692
22714
10928
15354
28234
29120
29023
2284
8635
4316
20216
2456
29839
13843
12670
27079
16897
29694
13364
7806
5778
8816
6066
19909
2230
9306
57
25516
2509
17643
28228
30864
17236
28667
9567
27803
21597
18857
30012
23690
828
26947
6404
21427
14212
15207
8427
24390
20530
20328
6663
26323
10791
5107
26722
28172
27356
18163
1870
9165
25425
7345
9208
25177
8006
25152
17984
1255
29870
7960
31688
13917
10081
31233
14667
7515
29969
25907
26161
2427
7551
21947
18016
1495
15086
2592
13908
29900
32472
9287
28018
6398
9953
6804
15001
12188
15881
17490
28411
32742
32293
1365
27435
1004
26000
23773
630
3736
21790
23486
10359
4846
19025
17854
7398
28819
2512
25151
2481
27020
19988
16414
18254
9545
20069
28890
15183
25826
12805
32505
1335
19616
17323
9127
28044
26303
31026
32673
19245
17266
9107
23377
21222
23080
23313
12858
1346
4110
31667
3479
11936
2005
17911
29247
11657
7861
30661
26060
29505
15026
29090
20220
29340
19998
15398
13656
28947
13407
432
9235
28183
19442
20568
13364
5286
29104
14373
504
27419
16720
6529
4465
13642
16174
14313
26228
15564
20298
25833
21426
29592
7572
22344
17701
9427
23399
640
2478
10218
30291
624
24572
18909
11295
28501
19119
24798
8206
11767
28605
15898
21858
4128
1813
29143
13087
22866
7299
5567
29969
31673
10452
4475
11792
8543
17978
3460
16259
21919
1010
2102
27171
25308
7459
16679
23554
14451
5898
28342
24523
27885
2644
29159
4427
12410
7115
31854
15152
17307
26677
23817
16913
17950
26489
26131
16559
29263
2820
8791
14715
6253
7019
19490
344
28251
6482
15004
18337
1944
9612
14679
24430
2417
13444
32297
11795
28533
4315
12599
25322
29738
29010
15187
23635
29182
9707
20104
24056
20608
8267
23794
31830
20944
23395
29139
24953
21588
26191
8420
20230
23725
5758
32745
383
31722
9492
24200
22723
26107
15244
12379
27092
19560
13218
23876
24029
20803
3696
27649
17012
9819
26327
15104
12060
11442
25376
15220
25614
10289
27107
25256
17977
23451
7720
17811
23687
8384
26317
4782
12898
20723
1320
24066
17271
4541
32492
29573
21689
22995
24401
9126
24233
16966
4975
15911
27861
30714
26091
12075
5791
24921
24022
29328
30016
19528
1234
20862
15117
14426
22647
7744
20472
4420
27381
25171
5977
28050
30458
12989
17135
9624
27350
7840
22305
22186
11997
27663
17546
9872
11020
5920
15029
23348
20464
18243
6181
6814
9924
11986
7065
26402
11482
2281
14990
11224
32316
10615
16644
27981
5010
21397
7813
29304
5958
18967
1124
31216
5607
20065
14659
20316
3531
381
17879
21802
8697
23402
24304
22148
29765
11446
12467
13695
27325
24143
28458
18838
25668
25494
20480
600
8317
4789
20869
8797
24299
22322
29432
9854
31062
29381
16902
11589
32112
16487
24974
29347
2488
11692
28071
13281
29087
24146
24804
4057
27881
11802
24279
14182
22103
1238
2003
537
15747
12484
14838
15150
20491
15130
25447
15038
24049
27362
18909
7990
32066
27144
27489
15111
4342
16562
23636
2719
14104
6863
18099
18073
25127
3059
28314
26160
8635
17762
24583
9722
24171
29291
10721
26323
3311
12023
19001
30998
7298
19553
12239
10260
9354
22664
29912
6590
5499
6947
14078
22181
28921
32085
12457
3621
19773
3970
30589
27356
10169
8544
1060
2913
19199
8273
26445
29491
19423
12272
20468
2032
25039
12521
18148
28360
7825
10767
17275
24112
18703
18344
32174
14299
24458
25867
8524
32486
1267
21614
18055
32339
23961
22777
21424
13240
7941
1823
11330
21048
22306
32557
20770
29107
11938
13859
22053
15930
10908
16580
20691
15302
12666
21737
9323
29225
22290
29978
20263
5444
13331
31327
7360
32123
19619
28756
25141
1126
19014
30588
9929
6601
3330
8663
24138
9415
22465
32183
6297
1362
7158
17103
19047
18918
10371
21901
4925
28023
16347
5290
9407
12712
22883
9471
12081
26941
4639
12186
30522
18131
4234
17937
30952
974
24517
24854
15349
29588
1524
11596
15689
22265
23014
6745
4543
1017
23540
24637
9772
13741
5675
28386
16542
6264
18349
31731
9953
26242
24404
8946
3656
10343
2457
19333
14505
28208
21940
18961
25258
5250
13829
28298
26427
27157
24499
30090
15460
18792
19859
4000
11585
31411
27211
29418
30027
29214
9655
10982
8408
15920
31115
6789
22246
14986
8506
25729
28692
23253
2327
11761
32497
8697
14522
28443
11641
6543
15526
18057
5085
23962
21289
607
27779
4209
24707
21483
18766
19200
28234
24958
11807
23856
14860
10874
13468
29348
5943
29101
7472
28582
10294
8669
29010
6753
13021
24740
6923
25680
5127
17279
5554
26614
5757
23329
7163
28368
12570
2317
30512
5000
28717
21347
21437
21611
3615
11002
16114
10781
32598
22448
12805
30347
30040
32510
20054
24610
7476
30928
12023
27967
7454
26259
29548
29670
5465
16527
26543
12726
10330
19831
28024
8220
20010
14398
2746
22728
30476
14381
16753
7773
16736
32563
5275
23917
18119
25212
24196
14756
17544
28996
23623
31555
9010
28142
4754
28880
8579
23888
28585
6412
9865
8274
20142
10534
32519
19383
16415
17198
2586
12858
15264
28876
6428
21725
7931
13874
1737
11646
7781
20815
18848
1963
2563
31046
1420
23479
3244
12830
24772
24589
18417
2235
8176
17605
29018
19213
19853
19829
21747
4231
28818
15690
24839
9939
5716
18775
7980
14020
13223
1324
15999
13708
8518
32171
4913
30255
14197
30231
12099
28471
19684
31598
30861
2218
7383
16889
24581
1593
22660
289
7742
25018
26556
16772
6447
10712
7374
20808
22326
14601
24489
21167
9053
22721
5184
6380
18139
9446
16435
18230
31710
17283
13227
26138
32135
17600
14725
25365
22838
16146
4788
11874
25865
31663
16608
27409
32671
18245
25683
25945
32034
15083
12566
17199
25988
4440
16215
8983
26632
23634
15118
7483
10245
11882
14049
23226
18151
3303
9796
14146
20342
15872
17124
8417
26203
18254
24902
10776
25567
12416
30891
562
15095
24145
25144
18387
20862
6583
4947
27092
11713
5981
22352
2638
7488
4948
19533
6133
14515
21766
10074
4520
26956
12139
990
10310
21308
20863
16950
12994
18808
31475
14750
10362
11965
26914
16725
5572
26577
4168
21756
16074
17165
29934
22591
25753
31000
14761
15800
24692
10997
13572
5392
2414
320
9147
17512
6200
20660
19242
28919
32055
26609
8196
23284
23769
27260
17736
12470
9770
23816
30577
7450
30626
18164
14318
5413
17985
3348
19665
10474
31455
27060
26827
23470
31165
9690
3928
18251
18527
30668
2359
3794
17822
10962
32029
25716
10233
29757
170
9891
13868
6568
13724
22644
28164
19582
18243
31048
3441
24253
23605
32683
12765
13561
20546
31612
444
6563
19114
9039
5220
21899
1166
20751
3103
12708
21413
12776
5759
17927
19760
11619
18162
14907
5424
18387
32662
23220
11734
1009
23631
10137
23355
1987
21526
16587
28497
2242
1172
21282
4634
17211
23535
27386
23063
246
5348
20462
18692
29462
14614
19939
194
25408
7589
3913
17557
32767
3587
27805
6799
18535
6403
21810
8524
23289
13363
13618
28128
11207
10604
31967
1550
26073
679
11551
19131
31694
26642
3384
26273
11206
9316
28120
5448
31360
17261
7512
22066
27072
32497
28993
24662
28148
28086
2320
27089
26390
10460
11830
6103
8404
23405
30051
10991
7663
28725
1284
15200
13025
20948
9483
6630
13250
28945
31726
10410
14700
1393
7410
16497
16862
15369
19369
30228
12254
18576
6329
21552
28131
3256
15328
23838
14385
18878
20277
26918
21062
4160
20401
13551
11125
25168
1773
13370
14033
15302
16941
31952
31308
29914
31390
23993
6432
13042
21212
30383
23918
23480
3511
25555
1317
15984
25143
20894
22054
26505
20702
3353
15782
21105
24108
25681
32467
28078
22121
27397
13498
9515
32414
30627
11112
26319
22245
27763
21583
21844
20962
8465
23020
7511
9618
32
5799
8363
6467
11581
29435
27635
29924
18226
28374
10864
30079
6764
23107
3095
27396
22448
326
20967
25416
8969
20231
29817
1613
3845
11315
6361
1988
22560
7328
18324
20944
29825
24624
6674
19725
19428
6903
21030
27089
11224
18592
4068
20146
19498
32524
6579
20552
30625
17469
27299
5684
11499
31603
31488
4448
19416
11668
30503
10121
8902
12497
22680
14331
28765
29575
5453
23964
11644
28259
22858
4652
13170
458
32374
5835
4722
17016
13993
17852
11329
31079
7174
12648
26418
23282
7051
13478
3412
14650
28134
22585
11242
13769
4746
12698
1819
13941
259
7929
30187
8583
1158
1150
14954
9501
30157
28372
10795
3533
18210
16104
15096
28811
5817
17134
18372
11213
15170
24742
8673
1005
32447
13533
17012
24270
31635
19510
12325
25282
20444
22826
27931
31915
6915
2894
295
4449
31122
27604
29759
24148
29509
25429
19759
19827
3939
19662
26763
16460
846
14824
15336
5748
12121
19580
22859
29481
24027
18774
18146
1590
30850
18489
32498
23575
10217
9508
11281
31070
4460
5844
30101
17749
10043
3722
28748
2021
16045
17678
1902
32438
24791
6388
29135
19864
2398
8734
1881
20002
18313
7810
2746
664
30106
7213
15194
12306
31327
1160
17296
25563
18692
27867
22293
26648
4907
20495
5561
27562
24894
5560
1620
24917
1284
2643
15872
23073
6771
11467
1925
24320
2758
30019
7957
3506
17871
30991
22074
31974
9613
4099
13324
11170
12289
24305
26023
32740
11070
27501
4828
6282
14272
7379
27431
30319
25854
20108
32481
16599
29762
22412
14519
10509
15801
11039
2907
12618
27590
30438
10105
23257
156
25116
19949
32633
23052
21022
4659
23043
10139
22571
8479
588
1752
11368
24526
24653
14829
23079
30428
23169
11379
360
7639
17295
14987
20896
15092
19241
28202
8634
11009
30260
9908
18780
17819
25129
24269
8043
29089
22459
1132
16849
24041
28858
5936
2686
12849
21815
248
21932
19544
21481
23726
32104
24014
22991
8035
11854
32073
3351
22433
31124
185
3903
30460
18506
13183
10874
23019
5087
15577
28245
470
2024
19105
32666
13680
28957
21560
8052
31559
7588
2493
11733
8858
4755
17282
11029
20074
15024
1472
31964
14035
29307
27785
31297
5277
5486
5119
819
27407
28803
20676
10008
9219
15863
19633
7861
12864
3661
23499
7502
11779
17047
7538
15630
8159
31729
15836
2729
28103
9294
27586
29759
7786
29815
22105
8068
26303
6992
18308
27422
13792
27229
11848
8014
13083
11142
11648
4563
25158
1047
722
16651
25172
2315
23009
10844
31270
26762
24516
24530
26531
19632
10936
8457
9483
23440
18961
31566
6280
30841
4727
13569
25095
10872
31310
2109
15173
19485
6774
28860
7725
26754
10037
4340
9569
27018
30065
29318
23319
31591
24611
9689
27174
18783
8712
1282
25952
30671
30618
7656
6435
32624
7486
1957
6955
19929
32191
10031
3242
20293
9467
10039
17051
17815
19164
10065
18515
4251
2698
26198
28761
19343
6623
27654
26487
25570
5404
30194
32273
3387
13018
11162
7094
14013
29763
24018
4341
25994
9601
21866
15218
6277
17015
29965
12345
6493
5039
12906
24657
24263
6036
10898
27541
25610
3042
21921
5567
6593
11098
7585
4550
21468
29626
23723
5994
22761
2028
1615
30476
30354
638
55
8132
16230
19538
28166
19374
21980
19351
29830
18052
26772
32503
14339
626
17377
22802
6642
28453
7301
28716
31191
18214
30651
22050
32101
18278
21627
11427
9190
1306
31225
18844
10461
21960
3951
32756
31210
32162
24860
24698
17391
6164
30348
1820
23409
28313
24091
18521
1089
12754
20917
21241
23643
18649
6367
6651
28174
10963
19451
6863
11613
30404
23751
21445
25766
15784
2088
32454
21633
12991
5414
25666
2795
13864
1335
23145
13732
28081
6592
17566
29653
24558
21209
10024
27382
17800
19281
9003
8943
1240
5617
28375
28029
2996
5
7648
23768
31625
23833
20014
3475
23466
16385
3285
18371
17896
17692
1863
15203
16739
20953
23753
23543
16288
28025
9251
8048
28635
5911
31132
9296
23710
15590
10533
782
1938
14523
18645
20156
30614
30155
22421
2279
27918
9141
13341
3263
12413
6851
31
13687
12119
21868
17345
17391
23312
8990
25937
18321
32377
30779
18740
3705
32076
32610
11808
24792
12805
20463
6540
2970
24052
28101
26724
32326
24465
30283
22528
38
8975
7860
6999
16553
308
26500
20592
18181
103
10575
27162
1312
11275
24260
25053
4529
30219
20459
17968
19874
22198
683
30956
30906
7886
5263
12801
31096
12251
25034
6760
23618
3781
7544
4953
19903
1186
16166
32189
5249
16845
27029
5606
19943
14136
11963
14206
29249
6659
21771
7613
25654
17741
502
29663
3939
28234
28082
18902
23109
24213
1082
16700
28505
10440
6038
1675
8577
2891
1884
27280
28586
30057
375
12317
27564
25257
16423
25087
2161
91
26953
17711
4954
20849
29401
15181
23774
17552
12469
10569
21621
28775
28579
13924
7092
27200
16790
30551
21689
27348
24365
22993
12233
13668
17021
25639
31800
29957
24336
7495
16521
1084
6957
12527
7639
21194
28250
9244
628
24009
18720
11716
28623
28152
10766
1991
22427
4180
1025
19492
21549
31976
22946
12904
16422
24549
12847
16749
29011
14581
19327
18752
6865
17613
11584
14691
6773
9473
388
10037
13674
14877
22140
6318
2076
25585
11650
26447
11605
7212
31581
20313
24742
7981
32193
32574
8201
5909
2582
15189
4292
32033
14714
27089
11153
9527
5641
6900
29691
10174
11612
24960
16139
7603
11343
3951
19748
25337
26632
10979
15148
21233
30773
12128
3820
13131
18068
28473
25274
16668
14265
10568
29781
5168
20748
9954
6928
19617
17
30218
26931
16040
26348
5093
31902
4276
21028
7023
17071
32697
15271
19563
13158
15819
32526
32416
18375
7915
8995
21826
12160
2081
23712
18095
2508
21707
11834
19548
9623
9780
18910
20238
3299
20840
5947
9037
24426
24391
896
10773
16517
21209
32359
27088
23628
10721
18546
13185
18431
19381
30324
10306
16805
23116
20052
13040
4850
6553
24846
18981
7022
24855
1530
3686
17876
19366
6993
6302
27832
6549
12269
3275
29293
30976
31312
17656
4134
10332
16616
10347
8283
10064
6034
799
26735
27078
5724
29045
9615
16707
28047
13350
24797
28787
31469
124
20174
7433
17463
8386
15824
5062
31474
30969
22577
4822
28011
17356
15676
3683
2297
7110
13733
9061
20866
9411
1831
11447
29248
27044
11115
11888
19397
16967
28204
2928
9021
21943
13977
14649
22260
3231
32762
26113
15384
2053
17815
17669
2495
28724
26069
29983
29995
12282
16547
13723
25421
28692
5396
23879
21385
26343
25165
18377
26553
20593
20386
11573
11636
8830
24572
6111
3216
20767
29822
27758
32485
14168
25192
14386
30036
30745
8251
14776
3593
27503
19998
22427
32764
27644
7552
31132
24510
6309
23551
30709
8562
24202
9608
5355
31769
24379
448
13475
4628
1833
28835
18230
739
26714
10859
6407
18995
11617
5812
32085
4120
14478
16093
1804
20119
17250
16305
17377
28775
4677
32327
11677
19704
4219
9254
17849
9653
26709
9901
3884
2183
27556
23987
23169
15258
24691
28010
6188
5731
1526
1929
9502
27618
26045
18346
17815
27172
17709
12016
16956
4877
19249
750
23401
12884
11821
5060
1736
29903
32308
11659
11043
1265
24442
14580
20086
20625
18700
20267
27209
23532
7102
17666
23100
17902
9573
29003
6372
25005
25671
12933
16085
2359
7888
30652
30720
3469
9095
20650
25408
26607
17728
18722
4143
4186
26514
5039
3902
7504
12171
18296
18437
4311
11427
13670
2519
30404
3567
6281
2714
14393
14231
9656
18389
18541
19594
15992
32267
3755
112
19232
10824
12702
17889
58
18937
10187
11476
4907
19712
12639
1370
8727
28168
7979
6796
21247
25878
2797
6593
28204
10337
25809
31237
30673
12132
31287
30663
3308
27697
22967
30930
1901
28424
14434
27775
11674
26664
15435
31784
28850
31717
20551
8159
32464
7419
25840
27488
11283
24866
17136
10053
30460
995
21116
2681
11287
2985
31774
10223
27870
17691
1720
25748
7642
2217
5830
2434
11
32357
13027
18038
31114
21525
29071
14468
20845
6534
13359
18697
25323
14115
4949
30946
3009
12997
24642
27611
22995
14029
24489
18538
15383
3953
8630
16286
15023
4691
6991
20818
31317
9304
25754
8358
3836
20919
16575
27824
25012
11344
21231
366
11727
25664
9381
13567
22850
20146
24875
17683
11342
20215
27233
10401
11359
21978
10938
10712
7732
27437
18567
23639
29504
30120
7800
17312
9808
13556
7519
15818
19311
8706
31544
1655
22278
10657
21351
26118
24648
30032
7232
24842
25293
13904
5580
31738
17277
9982
5578
26410
7344
13920
21749
9977
5524
4606
8581
3148
18638
499
6904
4412
32356
19267
23314
28172
15578
3183
12323
31326
30107
18503
19592
11942
20635
4864
3956
23006
23355
5510
19185
24444
7789
23315
11041
4513
24600
7425
8906
31635
5054
221
273
12397
15964
31932
5254
29205
20881
21970
32609
17519
16899
27968
8459
16592
23807
20270
14561
15798
8543
14362
9780
7862
8113
1135
27028
24757
9621
15962
19278
13915
14439
15833
19251
18629
8990
3861
15771
28794
7028
4849
14762
31393
16968
3555
15570
20081
832
6403
10137
1768
6066
10593
30621
21696
12485
8604
25301
15519
3283
8624
14361
1422
31762
2320
10469
27564
6260
24309
24666
27427
13515
5365
2949
14172
18225
22487
14052
12911
21159
25254
9510
30942
5116
2052
819
21890
30193
26049
7532
12741
4250
30380
31284
22034
14343
30377
32175
3722
24100
19716
31433
2041
19422
28933
21883
30984
30087
31941
6730
27572
28284
25151
12048
15102
16389
30378
254
6372
10108
18439
21474
12433
32690
28918
5798
14545
22926
24269
24857
2759
2039
15851
32499
4322
8948
74
11283
8717
17938
12884
26122
7462
3591
4600
30429
22706
6548
7164
7431
15055
4528
917
29886
3433
31970
18485
1655
25265
25071
23972
7852
7627
32181
6738
21213
29639
4183
24556
22485
30931
1434
12845
3374
3503
31887
12279
25111
16737
29299
8866
30549
31529
5331
6036
8840
183
32499
14353
14000
11420
26225
21333
13807
26879
31526
20192
20625
17041
32333
28946
21833
10179
21735
14839
30397
10294
6494
15972
2629
18546
28776
14659
9200
15836
9518
18219
13257
9954
20654
52
2136
4985
4189
25609
23147
29129
4113
19518
17942
13094
27423
22756
21752
15683
10432
2907
32192
31650
22458
872
15600
9551
3388
4743
10977
2766
19209
6531
13063
82
4312
25667
20599
14384
7419
30695
29606
8594
8256
1812
30068
8048
26901
139
15209
11196
18927
27649
28990
15069
16108
2347
31647
29535
5815
25880
2095
3561
8876
22979
24269
29039
12860
11241
22550
24488
23955
15128
7466
17859
25465
30729
5299
1366
7798
5423
8484
18839
21818
9616
5183
15566
27195
7636
31706
12810
11936
27547
11234
5907
23646
5908
10656
17057
31649
8908
23611
29387
14189
7619
9855
4034
25989
7109
19932
1727
17804
2039
21170
20794
15210
1457
7628
31837
2289
21387
10026
17592
19137
25787
31235
6710
15464
9374
14858
8272
1998
6292
3569
32384
9169
21521
4907
5369
1580
29425
16119
27029
11421
3596
20634
24847
16711
24075
14571
6258
24149
122
6933
29393
13536
4894
19097
12089
6930
6536
27282
6884
17804
24810
4669
13231
12294
22058
6840
20174
31029
565
31242
6079
13810
8342
20324
31612
32664
1095
1191
21493
16814
16070
10533
26557
2758
15724
27052
4612
25764
20731
18881
9925
30627
21366
553
26432
32085
24629
10414
6827
18026
21048
1311
7973
22483
31932
14233
1771
25383
21004
5125
5582
7749
27802
22242
13029
15931
11854
5957
8831
6502
27166
6685
7259
13531
19423
27324
4636
16646
29274
23699
14839
18833
28579
23101
12719
7303
9126
9664
19907
11450
9475
28175
26854
29538
11292
24019
18351
5382
13419
1898
25746
19872
18458
21040
14351
26620
10701
19710
20777
17505
20675
2545
21018
12915
27421
26477
9541
8792
23165
27233
32364
28954
24275
3532
31779
21580
25460
11136
32132
10481
8813
25126
37
10649
4630
7298
6727
20429
20714
7672
25936
25773
917
14415
27772
1240
22863
3766
29647
7052
10857
2564
11086
6415
25893
25156
8814
26701
15563
24945
4045
26562
20217
17278
16672
27034
13115
22425
18284
32535
10459
18097
13178
4916
22267
9014
30341
6280
21216
9760
15157
20076
24721
15666
19153
24928
8609
20096
21168
27307
9801
21807
7664
4930
5306
15228
5995
24043
23216
5631
10215
23714
7499
9265
17549
21820
23323
14893
16797
6474
29817
30643
15711
5440
3614
28786
14173
23255
494
10631
10191
10927
21013
4161
11095
16697
21077
20007
5870
27348
31646
7740
2078
9014
7648
1921
17779
17422
25629
8380
812
1767
24258
16760
24629
24144
2103
17485
12122
27194
30645
15969
24757
2977
13912
20527
8040
23407
27253
29575
30610
2205
19757
27350
6267
24987
7746
13736
1810
3314
2602
11883
21658
13608
13922
13686
11680
11235
26629
3402
21808
18514
30877
19479
24648
1225
3385
1666
17805
8107
17344
6053
5437
17293
19076
10839
28005
31384
5658
26542
32340
28975
10602
28355
13135
19410
9218
31157
21382
5187
2736
21489
12103
487
32335
1456
11634
8558
21729
22721
19757
8119
18654
6792
28632
15341
13004
16199
32580
9463
272
19100
17439
17935
25092
8523
179
18096
21577
10302
9169
16822
4447
21706
10247
30657
1650
4660
29465
218
20343
8308
18863
16729
26744
20536
11084
9733
2348
16428
10879
27518
24267
32633
5469
29912
6176
14731
558
30089
30688
20248
5223
29317
24890
94
3545
24231
4783
3244
39
22099
804
27427
12925
15962
5430
190
3967
18973
5325
30608
12160
11510
13044
6989
21237
31443
29672
24332
24873
31780
17262
28747
16178
30968
9066
31540
4899
16226
10414
1055
18307
26914
14864
31319
25342
9345
17855
26657
2139
1149
24791
25594
12974
7206
1330
10017
463
26952
24962
27989
11018
21066
28572
480
25112
15190
17687
7636
20046
30395
21014
31637
24597
5263
610
17303
6810
21912
29884
13929
9671
17773
15473
14323
15473
16344
24878
8188
19155
25983
4374
29679
20795
17347
14610
28126
24323
13289
30568
29895
14787
13687
7312
27158
1221
18401
11843
28780
31929
1893
8404
3999
7082
4404
15043
23042
14641
29394
22160
30438
31465
10431
30413
13920
10530
28759
24695
4685
15322
28919
12166
16532
13289
97
6595
15019
5243
1634
21466
24157
4291
17330
19632
3018
16878
27
13046
25775
31062
25565
30975
4327
761
82
19150
11314
27689
19406
10868
16694
8837
5321
9881
30147
32551
12352
24408
19547
4639
26456
19792
7922
16928
26693
32503
14066
5242
15978
16434
9858
12616
5569
24611
18184
30699
19838
2370
236
14263
7663
24496
16544
24811
21927
22984
15581
16871
29147
1782
29231
9369
5644
14540
30643
24633
9958
16978
4383
13110
3177
16798
8708
31088
24390
10149
26192
4775
1420
29265
5143
3379
643
19668
19091
26870
32216
2619
29289
1680
17915
11846
29485
5841
20934
30839
25129
7796
1375
9577
3674
25098
15967
23139
3516
20020
27444
28461
12232
12309
12740
2594
31034
20999
26962
17031
3351
20621
27558
15643
9967
15242
360
30447
2655
22448
28110
12920
3035
5178
23927
15075
5802
2270
15510
29096
21554
4093
14418
23138
22646
20766
28525
6366
30685
20378
5668
5490
10805
20888
4439
15248
7927
13116
19690
1690
26317
31260
20843
20728
22097
15604
23797
6505
1560
13210
852
12950
5103
820
6505
4333
2404
6824
28624
10924
2953
13140
8385
7740
14324
18944
30004
4801
21258
9232
9545
1775
11134
13566
30694
543
22292
30728
1442
23458
11435
4646
8930
3157
8058
20543
13633
15989
24474
21916
30774
4021
25540
3741
29937
14734
16477
15275
12677
5079
28591
10349
23372
9621
28538
25407
28807
14356
22443
2272
11590
8247
20075
30826
16264
12812
32091
904
1698
4771
27678
28387
25061
23585
25625
22237
21115
18448
16758
19586
29842
21497
21871
16059
5053
5173
15817
965
24214
10496
21918
5858
32169
2511
9056
24143
4493
6884
26651
3445
23636
16671
13306
30563
6694
26647
9229
25980
19752
11881
11593
18029
162
11344
6353
18787
18274
2166
5492
14714
31067
20234
630
11640
29842
16147
22419
24507
25915
516
20033
17008
22814
400
12342
9222
8768
20415
28458
30690
19648
21826
27102
5973
11263
14852
605
3787
17155
15361
27009
19269
3102
26715
17338
15369
25546
27306
2827
15511
6872
26260
21077
23264
29642
3999
19928
19891
3965
29506
17655
12152
3339
10562
20795
20768
24815
24124
3739
14684
10090
27773
8443
9229
30246
30490
13042
5628
28954
15166
20944
22732
9901
3006
19168
29485
30494
10995
28138
29010
2851
30408
22780
4516
7632
6930
12650
10680
7611
15904
28180
22398
26974
23443
5863
21180
10940
16752
7591
29371
5704
25460
13291
15425
4354
30888
17001
3006
483
5941
25971
12234
21115
17016
4802
1999
25305
8025
19571
31491
29867
17113
1359
23450
20902
20203
6735
2617
12584
20869
1375
28077
8476
6646
11619
4829
30239
30842
30584
2301
1760
7180
32124
19973
14029
635
3536
24418
5100
11968
22620
17131
3078
6543
27860
7190
32011
4140
28218
8556
9394
30080
8101
1594
13152
6508
11840
11402
1611
6749
23701
13137
19679
1313
29452
13546
7521
9977
6574
18883
15570
17903
32559
9047
7702
13161
28972
21340
23637
27903
18865
4925
13474
16266
22014
8138
17114
8317
6795
32047
1487
12665
6217
14114
28326
8731
30507
29025
32638
25625
14821
23644
15699
25997
24308
25134
31009
17808
4830
8146
13388
14091
22459
32404
9279
1482
17908
453
6483
29138
19019
7347
19699
21749
1307
9433
23295
18083
12001
13394
27245
12803
9724
4244
18742
4674
2481
26970
32624
18732
1650
994
7607
17401
14176
9817
19154
25193
16654
22420
21652
21523
2440
18176
18431
24569
12692
28892
21680
19041
13111
21157
32631
19680
18811
17362
26693
21688
1392
18114
10059
31588
13425
26099
1376
28016
31656
29044
5027
13198
19669
12445
26210
4583
6218
23549
30523
29103
24634
29588
29313
2300
4404
17730
29666
13528
17387
14208
30278
14740
19512
11342
31481
23904
14690
4204
11277
4377
11164
27341
32250
7010
8911
73
5256
31222
10906
24466
28399
27965
1944
26985
7996
25117
18913
10514
4342
11794
26835
4357
8962
20865
19474
28646
6340
13385
26061
12727
9863
4252
16963
16717
7455
13
12422
7680
30924
24297
26751
31143
22370
31179
21043
29380
6567
14699
21060
16123
13309
16567
16315
22985
29249
12581
26372
2930
13042
2375
15930
23611
23958
20896
11942
18394
6233
2998
6018
17707
248
5992
28162
30244
27869
642
7829
5131
29836
30351
4968
27622
20029
14574
1067
32564
15306
28968
29465
7386
4044
10625
31538
1632
3585
15821
21451
30045
10994
11397
11593
5424
28370
32282
19242
17649
32680
13961
32581
13736
5809
1328
27218
14524
25855
9952
9644
21166
11111
11827
14934
26118
2458
9760
2364
2702
18578
17100
2236
25791
9264
5283
31589
4473
22563
29096
1023
31223
29707
2313
15051
9217
15070
21751
10252
21091
4491
24244
18373
2463
16606
2286
31429
19679
3748
21579
2273
10029
29199
21061
6273
21734
26460
14904
16222
8556
9906
21689
4233
19740
16974
12586
19376
3968
28637
22923
4509
2501
297
30867
16895
15727
20472
9728
26221
23371
8497
19755
20136
32421
17217
25055
16928
10428
27581
22379
27322
4211
6217
3574
23761
6729
30392
10771
24699
3211
6261
2710
24589
21449
29985
20645
8161
27526
125
11794
9046
16179
22411
28136
25369
5983
18672
27459
14499
26408
15517
27237
8963
3573
16046
2055
18654
24935
12690
13037
23476
5004
27501
25533
16484
18774
17082
1809
8435
30028
20021
19915
19337
19072
23544
22441
700
23489
25572
27673
8977
15121
31042
13646
16832
11610
32682
12691
10424
18012
10020
20191
21475
234
29582
25770
21419
10070
21310
0
14525
8234
2280
13780
27917
29464
27841
28566
7706
6708
18660
26120
7283
29537
21749
15949
21626
26121
5381
32066
17512
4370
8118
17682
5009
5389
4000
4357
12010
20144
9203
25497
3784
5510
21597
6868
2538
21221
23598
24280
22970
1313
186
24248
13264
767
5886
20362
7352
4972
3207
25022
22517
11631
30608
8366
6469
29789
29291
28789
23335
17484
17954
7685
32411
25289
10333
13684
6185
10190
4230
4759
3620
13038
26668
24530
27696
211
6821
30510
4098
29930
18424
22956
4967
11101
7930
12506
6024
10050
8886
3747
21868
12562
24338
24427
6078
31068
20656
16988
465
21434
1043
15354
18401
7685
12291
30462
15516
10181
20274
1889
22496
11755
32031
25527
6855
16067
6715
2238
29921
6692
31563
31543
3776
25066
10253
7156
7610
11941
27934
563
9450
23699
17691
20522
18296
9420
23814
13795
4122
22205
14316
5706
20955
17879
13765
645
1564
16264
412
32643
19416
7531
10992
18904
27692
18364
28249
3016
2070
15374
29039
14753
21373
27712
30183
2127
369
2477
18431
12842
17845
4259
27677
32274
3962
10263
20402
15550
24942
10646
357
12369
27381
25983
13422
4654
18102
30576
4927
11022
602
16126
9578
12624
21392
20649
19647
24976
7765
29454
7604
1402
12402
31839
5899
23776
22086
9233
31918
7435
11461
7380
23006
31311
21697
2760
28300
28642
27497
10734
3079
14831
27663
14557
9432
13797
24366
31670
5098
7445
31403
27481
24303
19836
5979
25817
30718
5341
8134
27950
17025
12820
23594
23850
24398
166
16323
2479
1044
668
6986
15390
25081
15506
22716
3858
24449
6155
9308
847
10674
16391
9979
24821
24694
11224
13687
14586
25152
19505
6530
6870
31474
3712
22436
21120
31231
10877
5763
17050
29644
28163
2915
12008
12893
31520
4073
2823
6445
11368
17700
8540
93
5006
26574
9802
19217
17973
14798
2984
15640
27907
9474
10354
21451
18679
31548
2238
9783
8957
30602
31218
4222
22976
25787
10037
11898
448
3358
23075
27044
19364
22413
13253
7732
9425
13738
29120
7050
17979
18281
5068
973
9595
22479
30056
20178
31779
5881
12237
29759
22862
13663
22560
240
29051
17498
28139
7065
8347
32740
3534
15533
21096
26015
15474
7551
17657
15642
23999
8872
22931
30031
11343
17832
26563
31600
17698
16848
18089
28387
7059
2143
151
22155
27018
16363
25819
15177
28660
21250
27608
19394
7024
21010
8540
28003
24907
11398
2349
24227
26799
1330
12773
20104
21527
9713
27136
3437
16134
22156
19252
15106
17401
6878
4097
5524
7834
7222
26504
20111
15926
16893
15264
2113
23665
15769
7463
24800
27705
3472
19094
11983
29944
15345
1240
21021
11790
23536
9821
16207
28286
2768
12394
10079
17639
30726
17075
24836
19383
14491
12587
30516
3483
27090
11291
231
3642
26379
11889
9759
19234
5863
9819
30245
18690
5037
3093
29461
283
13036
23296
30364
17137
12386
8435
21505
24134
29
6101
23394
10568
3040
32108
8769
14090
24520
7536
13631
21041
2607
16868
5926
4080
13009
32166
12589
3894
11565
1348
6264
14373
2607
2577
19679
4039
27915
19320
21744
29692
10092
21137
23351
21431
24782
3058
12477
14186
19752
13256
22734
11711
14031
18470
511
28809
24471
30108
4208
22010
32059
12812
7503
25110
21759
31161
3997
3175
14995
25249
12853
3571
30267
31245
27402
19307
22061
8294
30640
12197
28474
22346
21278
2636
20657
13791
10418
18135
12161
30567
30837
4023
19613
22549
20641
12757
6821
13343
16480
21563
26306
7445
26583
22545
2258
22897
18787
29900
24261
623
16418
25762
5958
13343
16310
13633
3998
952
16709
4288
18646
12335
452
4822
14364
16648
30070
32330
30313
1901
5295
26282
4960
13693
26078
8768
3960
32742
26826
6210
16733
32182
18204
16201
10900
14958
28190
24580
32606
11864
30146
28718
26080
4379
30950
6589
12416
14989
17110
16989
6034
1480
30227
10012
13876
27264
4179
24679
20086
16532
28616
25141
6335
25058
15781
19586
8812
7776
25055
8191
32697
13929
25648
11016
21733
20308
24162
17110
31377
5707
25546
7414
16746
1370
531
23801
6407
32455
16189
10862
7700
12962
14564
25357
21425
668
18630
15669
3093
22557
21120
28313
17527
8336
7832
11062
30766
25602
26304
4232
12055
10731
30553
20733
19255
8267
2615
13226
22945
14585
16036
15420
27290
12600
21159
3890
13564
14220
390
26186
2264
9164
11145
10553
21855
30071
11009
32415
17923
3147
31369
26938
15065
20244
4236
17754
8258
13507
5127
14997
27082
25535
20112
30139
13392
23424
32664
16141
21352
23641
29933
16553
19965
405
3202
4425
3643
16838
883
22317
18603
18778
13892
5974
24224
25455
13930
1269
16339
25833
22796
25891
3914
19905
8970
23250
3966
5279
13887
12036
6588
20652
9219
26939
9420
13729
18676
19504
7889
5669
5623
2759
7792
24661
27257
18755
12084
18596
25595
16054
15665
5861
18125
2748
25576
18854
25625
4969
9323
960
8484
32640
18114
30764
977
8422
27276
18456
26727
25430
2793
1850
17555
4949
31128
23141
7089
4457
5469
25690
2119
17798
16294
29920
32466
26313
21869
11799
11718
27497
12128
5129
7888
13546
27968
14978
32094
19603
4231
1314
9825
17443
10829
11696
25937
3776
8300
1201
626
26160
19939
8249
1623
4171
632
27906
22180
6320
9634
21947
4120
21176
165
29858
16842
14248
29695
853
28082
29995
7171
31973
29292
16383
10436
9773
16953
16110
27956
28770
2887
8704
27021
27115
13618
14831
21744
12658
22474
9179
27212
7995
3863
23871
31874
6324
20634
21540
5575
16974
9686
18324
9801
908
28687
3154
1557
4441
6482
2504
20024
29343
22197
833
19748
13077
24544
344
6742
14425
16332
28592
3382
27966
8907
17126
6975
14183
17865
15044
24927
27413
27345
5304
23713
12605
30419
17028
5641
5086
7332
31030
17855
9361
14662
11355
12657
29026
17770
18800
18930
15326
51
18329
19495
9837
14141
24470
26915
19426
20446
32754
14737
30033
30123
20861
82
25120
4670
24573
104
22113
29239
15137
27155
25439
15233
9142
9017
7799
6359
6429
28427
14890
16006
23293
14566
13680
11380
13109
1655
5454
20833
7189
21795
23722
29549
5837
26278
13919
474
17957
16634
1421
13332
8559
25978
20530
6638
21434
839
14335
303
6985
10475
30052
21581
15684
14652
2286
22136
25004
10115
5842
24794
27540
16094
8394
1310
8591
30947
4639
14639
14949
10118
20999
28738
8714
30269
20530
17686
2768
1634
16288
6522
7899
10968
29621
20241
26069
1777
5007
32082
13028
5263
6039
18642
11993
21898
17750
16326
21163
13394
7563
24515
26147
22486
28794
10441
22232
28324
3206
24960
31582
13649
15106
28865
5819
15387
32581
28760
12314
12237
19452
23817
4804
10723
8901
2001
2635
19439
20985
11373
12040
10811
17608
20769
22216
18864
6540
21426
32195
13558
29271
18356
15310
27869
13262
2572
6609
14332
9787
11693
23418
5528
11485
9637
4403
22471
1923
20573
1618
10452
21081
18460
24464
32742
14337
7374
32189
18653
2533
23300
30898
17277
13004
1083
18054
24014
14252
23649
25349
3522
15039
12437
2909
28185
13529
31535
25115
8834
22777
2304
3926
18179
22046
987
12586
28314
27484
1619
12393
29989
558
7367
19852
10367
17166
22428
31216
3308
22595
21194
20799
16567
21243
22170
18219
17177
26265
30126
23907
8797
28240
19521
30143
21826
28913
17584
5310
17313
5889
1337
10291
16975
18191
27395
9787
1605
23620
13919
6258
21246
11068
19534
26471
26657
18708
12611
31309
29280
18629
8490
32499
928
25264
26792
28150
22106
14970
25509
7989
24641
14105
17672
645
30757
8495
3009
20646
4887
31639
18701
18550
23758
19006
7157
19557
12105
15157
1560
29737
11702
26116
32171
26291
1683
5440
24766
4193
8467
20064
11713
2421
14787
3020
9542
16582
12909
23863
14601
16053
6460
25135
27693
5219
11042
21234
2248
19233
21879
2948
20130
26664
31459
19710
32570
22667
32637
10537
27402
22889
24628
19531
25612
12391
22895
6465
14717
18525
24816
19406
8417
1616
30462
5427
12359
27297
4803
26368
19918
21123
11763
24617
14440
28082
13230
4188
3550
15459
22184
1426
29205
10614
4743
22501
15247
5363
23692
10145
18740
25268
18294
16797
25939
24927
7843
24012
23012
7576
15481
11279
6672
30068
8196
9037
9459
48
1504
18118
1440
7715
2138
21924
5221
17649
2770
6355
23889
23554
29796
17171
20468
15666
32199
5964
7270
11722
5748
18721
24971
25520
9483
19399
4244
27354
9971
792
10697
32520
29505
2787
13958
11699
9436
2183
9348
21568
28638
15040
26202
20090
26173
15296
32068
26943
28586
10626
20514
28025
30905
10331
29636
22353
7491
29650
18532
3487
21001
29105
4212
11684
20889
31580
25755
16123
20598
20834
10490
25549
15475
27986
26547
22853
2912
9680
13484
23619
23784
22759
32400
18005
29626
4257
28951
30435
18919
21973
19592
23721
17547
9537
22140
13162
19120
15064
18404
18915
17263
10077
23629
25599
16216
25649
26211
3401
20757
22890
3508
28582
22857
2596
6583
580
18878
23324
28173
9422
9152
10107
7174
31458
13764
6127
11623
7108
23630
28672
3179
27220
18961
17826
11527
10557
6999
22278
23410
8048
14499
29366
21477
24785
19605
9697
1952
3887
20751
9459
13101
10106
30614
8809
10728
12080
28923
2020
31423
22041
22586
17788
21047
24628
17570
11094
15791
27633
18230
377
13289
26784
22356
20957
1734
20778
29332
6341
8785
32511
29683
20303
15615
10575
26161
1098
23862
25725
21879
30535
22539
13777
25661
27123
11600
3949
10091
7076
25806
18562
3518
9009
20687
26051
22126
6919
23008
17946
23310
21369
14292
1946
12467
32600
15372
14518
25688
3780
4342
10672
22145
11329
4820
29268
31263
4110
9663
32741
31412
7602
11499
16216
3511
32727
1836
14272
29498
13915
13497
10506
27082
19109
2609
746
6551
7733
5339
18453
15061
1919
5170
12721
31585
12538
11425
9993
26536
28276
14219
23942
23237
31912
21646
13531
14825
24338
8201
9087
32512
20482
13019
18272
22161
30448
20334
28374
21734
22799
24565
11733
1646
14372
10737
21352
24415
21401
23290
21338
20127
16333
21180
30774
30693
18351
20032
29043
22812
3211
22637
4584
24328
22564
9166
21126
11563
21762
12693
27973
7402
8461
27104
9311
14316
28251
2364
2493
12739
9799
1895
23214
9422
17091
23387
17375
5725
20975
16519
8584
1559
22506
24928
4067
3225
743
2840
24546
19808
25988
20141
17441
16361
11096
13094
18970
5142
31691
23834
29592
13780
32555
20337
1134
13307
14844
10606
22632
3702
12943
1518
21890
12195
5334
24554
20056
5372
18550
8259
26846
27384
11550
14527
23889
8236
28951
28750
8557
13238
13853
17555
21473
17115
30830
1183
31744
6639
27680
2304
29113
19573
17591
11514
457
6280
6903
27924
8751
6522
25847
20183
19168
3514
13431
30162
18109
13307
12147
2529
4290
914
30457
21167
4480
17440
28727
11386
20685
18546
9176
14870
28602
20645
10129
30773
32453
22414
17910
5605
1104
20313
22675
13914
18258
4463
2104
32750
12877
1438
26516
7270
25216
17524
7173
3703
14173
14571
2223
137
30269
1356
12236
28858
22099
12109
15938
24102
2270
22396
30075
23398
4515
32737
26481
10838
923
9695
14600
17691
30185
13148
24225
30821
17678
2850
1772
29426
29792
13444
10237
28244
17337
27204
25251
21747
19820
4276
12277
2389
16509
22300
3373
12957
2833
2140
6586
12882
2339
20178
23440
10082
2937
28542
7619
8807
19158
16484
7508
28456
7026
24114
30795
5987
29863
25891
4869
714
8429
12579
26576
22603
10760
26932
29877
1172
21888
23056
15253
2519
17746
25616
2168
31946
4325
76
29217
21235
27199
8452
18662
26146
9081
28991
26558
20799
10352
14257
7068
2629
16574
24802
5371
23951
11753
29837
6074
11859
31193
31302
23851
8300
2448
4448
23655
3932
18453
16398
27876
30353
32177
15816
30537
12007
10078
15601
10368
9583
25213
30646
23309
28527
16583
1081
10911
24489
6278
13295
26085
224
9477
582
21155
6553
2885
22156
30725
7455
5873
7436
25395
11721
17300
31610
6693
5247
26122
9361
12473
20859
2613
3834
13315
10829
22769
4976
24548
22818
6729
13858
21214
16709
10219
8024
13350
19686
25561
1882
32763
22555
1890
6542
28215
19748
24145
4832
10020
22003
16996
8038
14992
18156
27391
15172
3364
9961
25890
6862
12273
30849
18329
24045
22092
10378
30578
4804
24028
17884
4276
19347
7409
26200
18254
19419
27415
23849
21582
4291
6124
9802
17235
14522
17454
11080
13381
3678
20760
17738
25923
15004
23023
8270
6365
25113
27608
25525
11396
12753
28652
17410
29502
7935
31630
25055
10399
24124
31484
6753
4084
21994
27173
11404
5057
4051
4027
22554
31086
28174
28296
22904
32061
10019
24837
26386
27263
19822
4905
5072
1032
26057
20095
15072
20704
20837
19579
22711
8507
3833
782
30034
24491
5919
8056
962
661
22522
9054
23271
12770
5149
22556
11132
29942
10408
3164
5971
31974
32436
20456
19938
24293
11250
8636
20991
21248
1678
17504
19688
19212
12378
11380
4742
30172
23848
15756
15091
695
22647
18751
30009
14600
3667
1147
30557
14424
7030
26395
12188
29818
10419
10684
6900
16901
5525
21964
25830
1800
13891
7139
13435
25592
10406
25687
19077
26861
1230
19979
21799
11022
27794
3975
7319
20042
15991
28238
27939
22346
28628
16491
25202
22947
21043
11342
30733
22095
18425
6870
797
24158
11338
4015
31095
19945
29223
23518
10709
13128
16089
24218
18790
13956
915
18526
31370
5391
23123
5180
12502
1459
10761
11124
5727
6345
22011
26437
22069
26795
31848
25859
28717
11884
2155
24682
31204
3782
6947
2098
28928
13139
4113
227
697
1024
8385
2539
27801
5312
27565
30958
23167
7037
25182
32605
26090
596
25300
28234
6772
27137
40
27771
9117
12440
15984
21181
1994
20599
17891
8826
5262
11128
20798
19086
24615
5739
23398
11863
1100
14531
20558
8971
30246
5263
17691
22351
8092
19116
31622
22789
7635
28473
13442
11621
18677
588
5663
12111
26930
24803
10415
10207
15621
16926
12071
21827
13497
5291
24264
21449
1835
20609
14846
7484
977
4305
4744
4721
17915
2617
30425
17181
11609
12604
3774
26601
16318
9455
11074
17097
22563
12788
3535
22921
18159
428
10901
16041
18294
18857
27183
23658
28351
3938
11908
30249
30602
21547
7916
21484
3985
15716
32661
19515
2575
3312
6180
8241
7039
32233
28063
24018
678
22929
21386
15519
17107
22668
6224
10344
21350
9293
20709
28258
26767
3279
1962
16505
14680
18053
21137
743
26342
17555
5249
6150
26875
830
28156
7778
9152
22177
8447
21779
2754
4514
27689
6730
30010
6437
8480
14377
1937
14208
31281
29656
22051
17454
29494
4821
9540
29639
10685
19083
27264
25647
2150
20007
29479
14606
16781
28327
21514
23681
23849
307
1663
14352
24052
32689
22187
31199
16845
6036
1792
14888
24922
6900
19716
5352
29425
2020
2900
3033
13497
6656
27881
17569
524
6725
17819
30537
22560
24870
23523
8432
3559
16091
32741
20161
17203
15869
5038
5410
19230
29776
26810
1838
5545
21984
5817
16998
23715
15951
12178
25251
6093
9325
29865
29264
31803
11273
29022
10965
2813
2567
7894
6486
29439
28339
29949
31646
18990
27221
3275
26966
25052
6
14279
7547
14950
23233
12490
29711
23060
22717
18950
28686
2880
24826
15430
23971
17851
14106
31607
25756
18284
16755
13416
7964
8250
30050
22478
2191
13613
24034
22155
22755
32463
28765
29488
8182
1753
9154
19648
13642
26891
32215
1719
20480
23388
2769
12874
23300
339
29474
23793
22917
3765
9106
26659
28584
32096
15249
3680
25469
23159
13771
14709
10802
28351
32510
3580
21894
17993
28424
20514
30081
23378
22597
1453
16994
26727
8471
31037
8922
9677
7110
721
25207
30239
4235
14734
11363
17977
11751
29372
7758
9301
21305
12818
1961
21108
27024
28467
10517
22528
16062
21624
2075
22191
5806
23280
11037
9898
26359
26533
20876
32239
28848
20001
31836
9971
11399
23601
23221
2700
15629
21225
28396
4367
23380
28904
32689
7861
29116
29150
10634
12100
22794
10059
9344
21739
27578
3721
4631
7789
25495
2060
26500
10370
13704
5097
18459
24186
24493
14229
25607
11811
23978
28911
12093
13037
14147
23169
1203
7244
23850
25859
2508
21342
18452
18977
26135
9166
3602
7295
9018
27640
25119
6393
18729
6221
12789
7471
2716
28153
22054
26433
5567
26820
2151
727
23851
12342
5167
1893
27925
26623
30081
2989
8389
24470
23045
29317
19530
25887
14430
29914
11885
16274
29112
3317
16099
5146
12704
9981
11463
15035
25
15037
8519
17976
14828
12968
6813
17204
25407
17434
29505
29335
2153
7393
26972
819
8453
2556
14976
3752
10565
31650
10135
23940
25994
2695
29978
13999
1073
25178
15236
15879
4527
13714
7173
9799
29408
7786
11642
14893
22940
4394
13725
220
26508
17321
633
383
29499
11792
30754
27183
9072
2272
9890
7703
21692
27703
31798
28373
32079
29775
26555
1316
783
3911
32611
15544
14316
22566
32684
30570
28781
8989
13971
11157
26767
7948
12036
12736
27344
12360
12438
5501
28039
26780
26485
28048
6774
16525
18591
32596
29858
30178
1620
12635
4195
13156
10439
4437
4535
26083
7962
28979
25819
25209
23689
24460
25885
16915
21990
32575
26092
5676
29509
602
21041
23260
18936
19514
21986
18962
12990
32500
17875
29725
4151
30708
14800
16754
22939
32740
3306
16809
15788
12752
14350
27592
29161
23943
15068
13252
517
26948
1717
6469
13207
30349
8214
5034
21011
20060
27173
32589
30457
22653
20618
28680
8780
8759
17280
3320
14150
14382
14892
22912
12618
22408
12077
3985
9498
14927
19316
28457
25162
790
13142
10010
18677
3040
10719
15117
10158
7229
32362
2758
13753
19126
30830
24234
32124
3435
13723
7550
19248
15867
11814
3953
29660
5284
21345
21085
2180
24236
31886
25418
18845
29695
5621
24884
28357
12313
17972
27918
5809
29222
32215
19206
29543
26728
9512
10507
1709
10970
23624
11916
705
26899
383
14723
9034
12140
29137
27827
4751
1893
14290
29485
12007
30533
7355
7449
17520
9473
20412
14771
3844
8287
6036
21140
6249
6235
16992
11315
18120
32714
18352
12203
12129
25917
20704
8639
380
552
7078
19227
7587
17732
27367
30172
11534
23601
31183
25683
19807
96
9504
9478
9360
2864
16074
26616
28969
5463
16317
14635
27318
9604
19451
17506
1656
12867
15601
1579
29787
31520
9735
3613
26664
32015
1910
13919
764
1547
9049
29802
28921
11262
10504
9999
3899
10977
10913
1467
11789
28196
4327
5370
17245
18768
336
17466
8558
9195
27225
6354
1485
7324
10781
2626
5254
26511
806
29628
5015
27675
21379
16100
31397
26018
16922
11221
10990
3001
22080
23140
25471
1417
11655
30888
17831
11381
17367
15034
32171
25086
449
32697
25531
31971
1295
18449
10533
4492
22432
24829
26057
6568
2163
26955
6605
16150
23297
4960
30610
19969
208
18555
2534
4688
4421
4414
2683
9277
13242
26474
31895
26691
12240
21738
24590
17982
22534
1043
4206
23502
651
9514
9337
11772
1105
19750
25048
7712
25187
12728
6413
9730
11640
26249
32170
7999
15304
32707
20160
6638
13598
15826
25499
1668
9519
9836
28844
14069
2090
11982
6343
31516
1424
23369
7823
23645
19782
30718
18990
15497
19177
20198
22345
23553
9057
32533
32562
2847
12473
22847
29536
2769
28717
25979
23581
24711
5765
30279
12159
8528
16034
27852
29849
30783
26199
4708
18162
27668
11642
11098
11831
10264
2874
9969
7724
19529
28082
4263
13032
2231
30655
9914
32066
2094
20751
14828
29575
28181
15483
14979
23150
27542
26775
5781
14925
12288
11911
19842
13452
14441
13076
23746
19802
17047
7679
27105
32160
26401
23444
19911
8499
7889
7299
25917
5454
14157
2028
19117
6975
31478
21433
23849
21344
4113
14128
14511
25673
21285
27592
940
8772
12451
12348
13758
19202
16844
479
15294
10636
12496
47
7422
13947
10291
11948
1487
2156
20853
2283
23367
10415
9970
7398
15425
8255
7431
8086
5028
20727
26230
12228
8169
28418
22540
15132
5079
11924
12161
14723
13457
31191
16799
12970
6355
17193
21414
16867
28025
18308
9200
3124
25409
21821
26065
23722
10705
27378
13505
23280
7164
17086
17085
4128
321
7598
17898
11737
2196
25465
27004
19346
24674
27243
17878
3630
4047
31651
9202
28112
30018
26494
4100
3568
3619
15955
32602
23471
27619
353
3463
26215
31293
24581
5312
9863
31420
21809
9606
9886
22910
14617
8582
17077
16183
6959
32189
29154
1144
30802
28639
19994
27186
8514
2810
20039
15222
25944
3926
26266
15486
21876
29089
803
2801
13110
23880
4255
21347
24689
13864
1937
27
25308
23910
11668
17690
20491
15771
239
11609
13726
25141
618
3409
20921
7706
20832
32448
12212
1422
19990
18859
32019
16214
13899
24223
10936
28957
28688
17981
11863
19224
30426
10742
30763
30438
7894
23058
28903
28090
8828
29943
5104
31163
11879
5032
31177
26283
24420
8076
26318
9671
26313
13681
12838
26863
18696
14800
6387
30983
27267
594
20939
19357
24226
14484
29804
7116
11555
23079
2475
2656
434
31196
22446
2362
31162
9790
15963
5623
1146
6495
14352
1996
2395
5592
21141
29876
18561
5387
13391
29134
10656
10923
438
13056
27921
16767
14089
19937
29477
5474
19008
9174
3513
3727
10562
14203
4106
25115
26712
28996
4299
7107
13537
5988
4725
29928
24648
31981
1503
7384
5940
11321
23310
22095
6398
4234
5198
3646
872
25325
3969
20426
1676
24164
31160
14744
5394
32579
8448
22600
25766
20955
6271
2623
21161
5206
25279
20650
295
12258
5705
12735
16394
19730
12406
4166
5773
1920
2690
7257
243
1208
9442
16744
13944
29265
15575
13696
2952
12125
24644
3532
17455
9476
29629
31836
27345
4715
24288
6949
32539
20443
21224
26697
4409
19743
24447
22425
7497
20269
18900
7512
15120
12553
23022
5698
30188
11239
4672
28877
24842
27280
1405
31663
15321
27654
16045
15776
15039
31083
28545
14945
18442
13087
22755
2301
20777
31017
8658
8015
29724
13016
4205
30404
8489
14761
22861
28259
1233
27500
31000
3594
19970
10147
19539
3834
9358
15403
22904
19861
25564
1310
329
2151
28126
17399
2403
4196
10818
29175
13590
20080
1517
4552
24692
16933
1701
17505
20904
24016
18189
9513
13450
25532
28375
12639
29808
10420
31541
16057
26694
24515
27536
17739
1249
21310
9853
171
2448
12036
10989
11347
23284
16389
24995
24390
18
19713
8940
19191
30119
27794
17546
24934
19387
31853
17393
9868
16761
7653
24758
12537
21310
23473
15172
7612
28400
23790
19409
31619
17041
18792
17808
28931
22804
17173
14888
8858
31087
6370
4454
6963
31729
5810
10542
15467
2518
5796
12728
31218
31513
14229
6649
25651
18057
23783
8286
17975
14367
23424
23488
23238
24975
30741
20629
23760
31005
6824
26211
30476
6834
23375
20859
22239
7983
19512
17635
26239
32257
9450
148
29272
27894
13005
4069
15791
12878
13037
19528
19077
23830
30971
30772
22718
22449
1941
1634
24706
2232
32198
24892
3044
30212
32209
18067
29633
7688
28970
2960
9195
31588
19910
23789
10887
26296
16532
20324
14004
19126
24908
21608
2670
24188
21351
26388
17329
23072
30830
1377
16609
22924
6008
18843
9321
24972
7663
14358
15267
15141
23954
5405
19704
6441
27584
22315
4424
15368
1523
2398
23691
2025
8075
12840
14777
16633
31949
4680
32232
25091
32555
20472
5812
16706
1733
25192
6116
30579
3377
20844
19531
15661
23927
7537
19947
12917
3424
25526
26977
17550
7153
4793
20605
9742
22834
17135
24624
3383
31540
1975
32171
11395
1105
19601
20165
6529
24246
4747
20893
5600
20767
8701
6017
28361
12514
1142
9999
26227
29999
23286
18842
23537
3990
25694
18384
9550
11721
18468
22937
20443
18596
31051
19778
15048
9322
17811
10714
16370
9810
25837
20700
24316
9026
7473
25359
7841
3034
19987
27819
6216
6580
31060
7357
25049
25066
6965
3020
18896
28889
26417
21949
6544
21285
15595
2804
20985
12286
26982
15548
5692
22689
2164
10473
14574
28961
6769
18620
8028
5735
8752
18182
28447
9591
24374
8592
14832
2038
30758
31163
7101
10729
10621
22628
32508
31936
19583
26890
31551
11155
19058
28723
520
25771
20489
267
19935
23620
21795
13903
18339
27793
19638
29289
22046
30465
4357
27357
19419
27329
24602
739
26428
5250
31856
14677
6343
7036
17904
11724
961
20403
24350
263
27902
11641
12949
5260
3063
14900
27825
28049
29213
7777
15755
16156
31853
8409
30506
24426
837
26451
23543
11406
15478
8235
12658
9306
922
31074
27428
13186
31912
2277
468
32767
17605
2578
19198
12978
9565
5240
25729
1098
32115
12254
2200
4455
21813
27015
24075
14847
20436
20149
6311
4098
28562
28780
32235
6457
24605
21624
8708
26740
15131
30642
28924
20964
31494
17790
22574
16070
4154
10392
9213
25665
19532
6417
26053
24978
6046
19348
30226
2406
9520
26094
26384
23175
6329
23757
31555
27579
21239
24264
29816
20202
22595
28832
20220
12158
1384
7878
15627
12303
1717
26653
30347
19264
17745
17920
12539
15332
16079
30087
21414
12390
31490
26118
15388
19815
5139
28887
9954
17320
1232
15962
4201
32043
12615
31801
8765
9621
23956
18673
127
4567
1783
30862
2965
19213
21290
5813
27168
16550
2545
18920
28462
26054
19698
31750
12466
15848
455
27665
25137
7368
8786
3380
18365
7552
26448
22277
21799
5361
305
27399
19825
868
21288
13171
30338
18801
25726
24376
13597
9249
31787
24384
9492
13391
6823
18677
441
5460
17918
16900
29334
18147
23587
22880
4190
28209
24454
29067
13859
12889
29160
8209
29384
14336
29038
9813
11962
52
27637
26511
23003
11930
23718
22
13759
31433
26570
25051
4123
20721
2271
6710
378
26048
26347
9446
1074
16774
17168
28755
30615
1687
13665
30485
25454
30449
11252
4794
4005
32030
24632
27588
17473
15452
13961
10994
17815
27644
15362
20417
24767
520
13971
20529
7238
28968
31571
26060
24867
32198
32535
11237
12268
28273
21827
29470
13898
7039
4320
28205
22699
8695
15343
7135
1078
15790
22781
4700
23812
3759
8952
4014
7309
19936
32577
29565
13408
13539
22018
1564
2328
7483
17602
12490
22923
6832
24375
2865
9796
5364
29275
25139
11572
9350
32194
7142
19876
14039
22314
7389
26734
15788
11348
4778
4205
28099
22290
18336
7986
20665
14242
25566
504
11819
2362
16265
21210
4124
25828
10840
4676
26262
26252
19542
5288
3732
10327
995
30834
16416
2103
25852
14397
10169
27581
15805
11591
12023
30254
17444
5666
14450
25816
20760
30125
21215
1446
19626
24131
10108
31731
12186
32050
10159
18332
15901
31343
15849
16985
24541
136
1489
1869
14658
217
20383
30939
27120
2051
29381
22716
5265
13978
13269
9806
5076
12830
16799
14127
181
8749
3481
15883
28160
3574
901
13234
32016
11761
25677
22126
12253
1486
18482
13203
7222
23211
3109
28503
25674
22921
11893
16100
6253
513
24235
18604
26137
10547
17587
24317
14387
10496
17212
18645
11408
3961
14688
3319
696
25238
1928
29502
26602
19500
23434
12338
17504
16921
2069
28377
28115
32449
27471
11472
25410
23999
10428
7321
30192
28884
14946
567
940
24867
7467
15864
9812
28833
7306
31123
31900
12231
353
11122
28684
15242
10275
25681
7240
6028
16950
6920
15252
30868
18075
27301
15511
4924
21968
30398
25951
17129
5365
27142
10150
7424
17455
17181
2644
17495
5194
25517
19525
4330
32674
5554
9291
24528
10819
31513
17015
8045
3407
7053
30356
27624
29088
1166
8181
20447
32175
12227
19057
32090
23220
9105
7339
4862
13583
492
31639
16772
7143
31085
1849
25961
1041
19621
21680
26854
29235
25522
2420
546
4137
7183
15324
8615
12711
19121
15587
9490
3104
9295
12075
8719
9703
1
3906
23941
16533
10252
4389
17166
17066
11516
30466
28842
25719
28404
17730
10932
9275
20803
30663
19477
17804
19511
7282
1719
24568
20790
30441
2109
16621
13578
4503
22257
9430
5245
24564
31485
2951
26406
22022
18399
11227
13442
6440
23063
19099
8007
11786
7458
30882
15092
18425
28076
31807
24493
7520
11266
27099
28742
25999
21190
12252
18078
25532
26086
6601
14894
9031
19918
3758
29921
18755
29405
3778
2598
7985
11542
13383
1092
15118
23577
15282
23535
26769
15185
22284
3608
14254
18030
20632
17417
21598
16918
16566
16816
2978
15575
23303
3643
8645
7265
5842
2790
24034
2802
13990
27665
28327
22801
29505
18582
3160
10111
19889
13145
31767
28011
19641
4897
22626
12005
10614
11430
17117
30613
12098
4843
25426
28077
21209
29133
22518
4380
17595
26332
31470
31493
721
23659
8465
12655
11602
6883
13808
25406
8936
1117
22803
8290
10255
11887
24710
25166
7614
20037
25749
30891
2890
10996
14547
11854
32647
2572
30305
14952
3376
19052
31596
20989
26249
8539
1016
28056
23618
11732
16348
5948
17311
22048
2574
21661
2006
9131
9505
400
27321
4368
8460
11969
14484
32374
20013
22692
29529
16415
24974
2734
14586
31550
11878
17092
26903
17673
6371
10484
19929
14352
9766
28515
19486
29645
19856
28294
24278
14972
28476
20885
25004
8493
5068
26429
28394
1559
22889
27286
21654
16687
12805
22612
25825
17145
22243
9281
9667
5534
5466
25323
9183
29760
22742
15257
27820
27786
5663
13956
29654
16011
31710
15172
26594
28356
3165
21385
14866
15999
1166
1547
23944
32355
13391
24004
429
28486
11244
29020
19412
9538
25317
32485
21531
8459
15346
28616
27026
4991
2629
22783
24992
32639
31759
19333
30370
11774
3653
2315
31188
10327
28068
28909
23669
11492
26867
14692
21542
20940
22664
18685
7828
18972
7949
17482
10326
282
10116
9175
6937
32726
1161
26207
5882
20737
5335
13120
6963
22274
20750
301
25082
18503
9908
5411
13222
17881
1145
28062
29972
16436
31679
28172
30025
7765
7001
24194
15960
23316
26515
5038
28038
3252
4979
21261
22189
2745
24383
18269
30430
9721
16447
6486
31306
9974
13764
149
22883
1643
28522
24793
20798
5157
10393
18289
15164
20
23890
23797
2025
31138
15400
7989
24868
22851
31116
30575
14209
2126
26702
197
16107
6923
31585
4845
7822
20749
5343
25899
22516
28610
17996
23932
10605
11080
26143
24596
28597
4482
7806
13067
19153
11116
22858
19028
2618
18603
11611
4078
9277
10601
12557
31838
15522
31327
22011
4956
32396
22323
12810
6349
19872
18181
22954
4593
4713
26437
12120
26334
9723
14535
19559
14381
8407
17177
26369
15603
4367
532
22889
15603
23467
20913
11906
31505
19786
19486
22421
9226
7693
19985
28495
5475
27824
5469
11785
4255
29946
11715
29517
11957
1368
8202
2197
10177
30661
5969
341
17146
12780
28837
23612
740
28817
26831
18871
25031
25133
23663
15288
12895
21720
20047
8885
30933
31596
10225
31731
20462
3560
26730
5380
11907
18706
13683
10383
8497
4449
702
14415
19537
15641
17286
18526
18986
18872
23146
24500
14694
145
15227
29162
4035
20151
29844
5700
1291
21532
4074
12271
10822
28154
1251
27527
302
16498
11052
13789
10211
884
25606
4086
27872
5854
28128
25687
24366
8680
5675
16767
11991
16831
15722
7606
29086
2928
24968
2053
8173
25864
8815
27270
24079
31225
29910
16862
26015
20160
30554
28167
9025
14277
7633
83
23696
14211
9947
10925
29271
2024
4025
13346
4867
21247
31331
5793
29016
24268
14804
10751
21348
12408
30889
62
3505
27310
11754
22287
16063
27460
21544
17045
24241
27678
5832
30060
30535
11087
27038
18922
6156
24194
16062
28837
23249
30105
20110
26677
3161
28819
9760
8763
19798
19635
28607
31138
16276
19678
10696
24100
4981
8518
16316
22800
2461
12869
14738
20299
15598
4747
30034
9365
18615
23676
7903
9230
7976
32468
23060
20985
9226
15501
21267
2751
24493
25602
10458
4919
24097
340
26136
32292
3752
4109
31806
2816
14188
28675
29912
25080
20846
8576
19742
20791
24767
3231
12230
28519
7410
22521
285
18293
32209
4737
29014
29077
79
13485
2338
15751
14270
15575
25729
21016
32578
27362
4055
26091
24454
24352
15170
30073
31917
8307
14379
6743
8332
19891
29979
26552
13590
32336
27600
28722
17175
5689
13713
22725
18726
4348
14782
7449
32468
2094
10923
26887
22570
30989
17582
11099
23891
3428
887
17880
10901
27567
16800
32381
11398
21120
30341
5639
27772
801
1622
10167
325
16251
22635
13909
30744
24374
10199
2677
18892
16418
16959
17913
12360
5590
10477
20695
28731
23703
18464
797
27405
29563
14502
12338
3349
8653
16301
30558
27660
2996
215
32140
10689
23056
5772
29775
28431
6565
1172
4644
4876
5499
14565
24567
17028
12420
3769
32744
15270
640
2020
20814
29180
15390
12389
5628
11937
5732
24635
31940
174
20816
20346
13626
4597
1472
12445
28858
13298
20111
17694
29869
14590
3329
8260
8711
28102
19553
3133
5652
18172
2280
17772
18549
5964
24033
4
19046
24978
24331
27606
2882
6986
8511
10855
17992
29511
13906
27462
32159
28841
8253
8860
9880
32265
32635
3589
27444
13558
179
31646
9446
32165
19863
1888
29849
22244
1292
17068
7157
23120
32395
31270
31710
20680
23751
3527
23614
27425
13200
3886
24837
29467
17655
6711
20590
2196
6579
7119
3715
16124
30915
31495
29155
12041
597
22631
21955
20652
29159
22404
3379
12611
19372
9940
7074
23056
31025
14786
22181
31466
6464
26878
21748
11570
1797
27927
20149
25353
23663
26443
21246
22208
29657
27806
30357
3728
11498
18217
24570
18572
30905
25013
21671
25299
28981
4488
11158
5130
32709
12927
18692
2058
22315
18781
1909
13525
17582
8291
12792
31695
7288
4641
29612
27435
17725
30347
24707
13219
10013
26191
31558
9836
460
18534
23769
20329
28144
24041
24769
32671
3530
16423
31459
23529
12569
1268
6798
17388
28731
32068
16060
9550
662
16888
8085
3875
21558
759
4405
6568
7863
19585
943
30260
2406
14016
17490
15211
5283
13216
25643
16821
21642
28385
26570
9199
16082
29803
9289
14432
4084
4321
28043
5614
2960
8312
31170
31121
7181
16394
7732
8201
5505
5222
18750
26572
8144
7147
23961
20291
3095
15957
21212
9013
6475
3798
16194
29060
27677
29801
11950
5143
15905
11363
27372
26647
2096
23370
6458
1374
11275
8171
20743
2604
24896
23719
4090
20252
26962
11022
12086
5975
20244
11695
15837
4360
13654
13357
25810
14864
30915
26006
14276
31994
10506
25841
5992
6705
7484
