1000
16766
449
5982
15432
8571
9854
10320
9271
20638
16000
24905
8849
21760
16717
32324
23479
30858
27645
14221
6165
19976
505
3957
11012
3199
2819
10314
16623
13505
12919
13958
22709
13630
11216
25415
27727
29
16493
13055
3251
18316
27286
17517
29944
21588
8634
31692
22714
10928
15354
28234
29120
29023
2284
8635
4316
20216
2456
29839
13843
12670
27079
16897
29694
13364
7806
5778
8816
6066
19909
2230
9306
57
25516
2509
17643
28228
30864
17236
28667
9567
27803
21597
18857
30012
23690
828
26947
6404
21427
14212
15207
8427
24390
20530
20328
6663
26323
10791
5107
26722
28172
27356
18163
1870
9165
25425
7345
9208
25177
8006
25152
17984
1255
29870
7960
31688
13917
10081
31233
14667
7515
29969
25907
26161
2427
7551
21947
18016
1495
15086
2592
13908
29900
32472
9287
28018
6398
9953
6804
15001
12188
15881
17490
28411
32742
32293
1365
27435
1004
26000
23773
630
3736
21790
23486
10359
4846
19025
17854
7398
28819
2512
25151
2481
27020
19988
16414
18254
9545
20069
28890
15183
25826
12805
32505
1335
19616
17323
9127
28044
26303
31026
32673
19245
17266
9107
23377
21222
23080
23313
12858
1346
4110
31667
3479
11936
2005
17911
29247
11657
7861
30661
26060
29505
15026
29090
20220
29340
19998
15398
13656
28947
13407
432
9235
28183
19442
20568
13364
5286
29104
14373
504
27419
16720
6529
4465
13642
16174
14313
26228
15564
20298
25833
21426
29592
7572
22344
17701
9427
23399
640
2478
10218
30291
624
24572
18909
11295
28501
19119
24798
8206
11767
28605
15898
21858
4128
1813
29143
13087
22866
7299
5567
29969
31673
10452
4475
11792
8543
17978
3460
16259
21919
1010
2102
27171
25308
7459
16679
23554
14451
5898
28342
24523
27885
2644
29159
4427
12410
7115
31854
15152
17307
26677
23817
16913
17950
26489
26131
16559
29263
2820
8791
14715
6253
7019
19490
344
28251
6482
15004
18337
1944
9612
14679
24430
2417
13444
32297
11795
28533
4315
12599
25322
29738
29010
15187
23635
29182
9707
20104
24056
20608
8267
23794
31830
20944
23395
29139
24953
21588
26191
8420
20230
23725
5758
32745
383
31722
9492
24200
22723
26107
15244
12379
27092
19560
13218
23876
24029
20803
3696
27649
17012
9819
26327
15104
12060
11442
25376
15220
25614
10289
27107
25256
17977
23451
7720
17811
23687
8384
26317
4782
12898
20723
1320
24066
17271
4541
32492
29573
21689
22995
24401
9126
24233
16966
4975
15911
27861
30714
26091
12075
5791
24921
24022
29328
30016
19528
1234
20862
15117
14426
22647
7744
20472
4420
27381
25171
5977
28050
30458
12989
17135
9624
27350
7840
22305
22186
11997
27663
17546
9872
11020
5920
15029
23348
20464
18243
6181
6814
9924
11986
7065
26402
11482
2281
14990
11224
32316
10615
16644
27981
5010
21397
7813
29304
5958
18967
1124
31216
5607
20065
14659
20316
3531
381
17879
21802
8697
23402
24304
22148
29765
11446
12467
13695
27325
24143
28458
18838
25668
25494
20480
600
8317
4789
20869
8797
24299
22322
29432
9854
31062
29381
16902
11589
32112
16487
24974
29347
2488
11692
28071
13281
29087
24146
24804
4057
27881
11802
24279
14182
22103
1238
2003
537
15747
12484
14838
15150
20491
15130
25447
15038
24049
27362
18909
7990
32066
27144
27489
15111
4342
16562
23636
2719
14104
6863
18099
18073
25127
3059
28314
26160
8635
17762
24583
9722
24171
29291
10721
26323
3311
12023
19001
30998
7298
19553
12239
10260
9354
22664
29912
6590
5499
6947
14078
22181
28921
32085
12457
3621
19773
3970
30589
27356
10169
8544
1060
2913
19199
8273
26445
29491
19423
12272
20468
2032
25039
12521
18148
28360
7825
10767
17275
24112
18703
18344
32174
14299
24458
25867
8524
32486
1267
21614
18055
32339
23961
22777
21424
13240
7941
1823
11330
21048
22306
32557
20770
29107
11938
13859
22053
15930
10908
16580
20691
15302
12666
21737
9323
29225
22290
29978
20263
5444
13331
31327
7360
32123
19619
28756
25141
1126
19014
30588
9929
6601
3330
8663
24138
9415
22465
32183
6297
1362
7158
17103
19047
18918
10371
21901
4925
28023
16347
5290
9407
12712
22883
9471
12081
26941
4639
12186
30522
18131
4234
17937
30952
974
24517
24854
15349
29588
1524
11596
15689
22265
23014
6745
4543
1017
23540
24637
9772
13741
5675
28386
16542
6264
18349
31731
9953
26242
24404
8946
3656
10343
2457
19333
14505
28208
21940
18961
25258
5250
13829
28298
26427
27157
24499
30090
15460
18792
19859
4000
11585
31411
27211
29418
30027
29214
9655
10982
8408
15920
31115
6789
22246
14986
8506
25729
28692
23253
2327
11761
32497
8697
14522
28443
11641
6543
15526
18057
5085
23962
21289
607
27779
4209
24707
21483
18766
19200
28234
24958
11807
23856
14860
10874
13468
29348
5943
29101
7472
28582
10294
8669
29010
6753
13021
24740
6923
25680
5127
17279
5554
26614
5757
23329
7163
28368
12570
2317
30512
5000
28717
21347
21437
21611
3615
11002
16114
10781
32598
22448
12805
30347
30040
32510
20054
24610
7476
30928
12023
27967
7454
26259
29548
29670
5465
16527
26543
12726
10330
19831
28024
8220
20010
14398
2746
22728
30476
14381
16753
7773
16736
32563
5275
23917
18119
25212
24196
14756
17544
28996
23623
31555
9010
28142
4754
28880
8579
23888
28585
6412
9865
8274
20142
10534
32519
19383
16415
17198
2586
12858
15264
28876
6428
21725
7931
13874
1737
11646
7781
20815
18848
1963
2563
31046
1420
23479
3244
12830
24772
24589
18417
2235
8176
17605
29018
19213
19853
19829
21747
4231
28818
15690
24839
9939
5716
18775
7980
14020
13223
1324
15999
13708
8518
32171
4913
30255
14197
30231
12099
28471
19684
31598
30861
2218
7383
16889
24581
1593
22660
289
7742
25018
26556
16772
6447
10712
7374
20808
22326
14601
24489
21167
9053
22721
5184
6380
18139
9446
16435
18230
31710
17283
13227
26138
32135
17600
14725
25365
22838
16146
4788
11874
25865
31663
16608
27409
32671
18245
25683
25945
32034
15083
12566
17199
25988
4440
16215
8983
26632
23634
15118
7483
10245
11882
14049
23226
18151
3303
9796
14146
20342
15872
17124
8417
26203
18254
24902
10776
25567
12416
30891
